0405035 0
0705011 10
0805094 10
0905033 0
1005007 0
1005053 0
1005092 0
1105121 0
1205028 0
1205048 0
1205077 0
1205090 10
1205103 10
1205105 10
1205119 0
1305032 0
1305033 0
1305064 0
1305069 0
1305071 0
1305082 10
1305096 10
1305104 0
1305106 10
1305120 0
1405001 0
1405002 10
1405003 10
1405004 10
1405005 10
1405006 10
1405007 10
1405008 10
1405009 10
1405010 0
1405011 10
1405012 0
1405013 10
1405014 10
1405015 10
1405016 10
1405017 0
1405018 10
1405019 10
1405020 10
1405021 10
1405022 10
1405023 0
1405024 10
1405025 0
1405026 0
1405027 0
1405028 10
1405029 10
1405030 10
1405031 10
1405032 10
1405033 10
1405034 0
1405035 10
1405036 10
1405037 0
1405038 10
1405039 10
1405040 0
1405041 10
1405042 10
1405043 10
1405044 0
1405045 0
1405046 10
1405047 5
1405048 10
1405049 10
1405050 10
1405051 10
1405052 10
1405053 10
1405054 10
1405056 10
1405057 10
1405058 0
1405059 0
1405060 0
1405061 10
1405062 0
1405063 0
1405064 0
1405065 10
1405066 10
1405067 10
1405068 0
1405070 10
1405071 10
1405072 0
1405073 10
1405074 10
1405075 10
1405076 10
1405077 10
1405078 10
1405079 10
1405080 0
1405081 0
1405082 10
1405083 10
1405084 10
1405085 10
1405086 10
1405087 10
1405088 10
1405089 10
1405090 10
1405091 10
1405092 10
1405093 0
1405094 0
1405095 10
1405096 10
1405097 10
1405098 10
1405099 10
1405100 10
1405101 10
1405102 0
1405103 10
1405104 10
1405105 10
1405106 10
1405107 0
1405108 10
1405109 10
1405110 10
1405111 10
1405112 10
1405113 10
1405114 10
1405115 0
1405116 0
1405117 10
1405118 10
1405119 10
1405120 0
1405121 0
1405122 10
